data: data/PEQ_Hupsel.dat
parameters:
  cW: 200
  cV: 4
  cG: 5.0e+6
  cQ: 10
  cS: 4
  dG0: 1250
  cD: 1500
  aS: 0.01
  st: loamy_sand
start: 367416 # 2011120000
end: 368904 # 2012020000
step: 1
centroid:
  lon: 6.65443600418465
  lat: 52.06132311280826
